0.060000,0.204749,0.197388,0.349125,0.335622,0.002384,0.000051,9.802116,9.776275
0.120000,0.391787,0.393912,0.340993,0.341952,0.003398,0.000678,19.199145,19.176716
0.180000,0.584399,0.593296,0.347900,0.351410,0.007749,0.002879,28.138872,28.012437
0.240000,0.785288,0.795887,0.361250,0.363064,0.015360,0.007626,36.535705,36.246374
0.300000,0.983352,0.999629,0.372844,0.376083,0.022741,0.015595,44.300037,43.973875
0.360000,1.188628,1.201233,0.390422,0.389785,0.038091,0.027080,51.363003,50.759302
0.420000,1.377902,1.397194,0.403346,0.403652,0.054122,0.042011,57.689770,56.941945
0.480000,1.559372,1.584475,0.418709,0.417309,0.077379,0.060049,63.281468,62.106253
0.540000,1.738262,1.760845,0.431794,0.430507,0.095398,0.080684,68.169453,67.184725
0.600000,1.898424,1.924945,0.444726,0.443089,0.118414,0.103335,72.406181,71.276975
0.660000,2.046468,2.076195,0.455345,0.454971,0.140869,0.127417,76.055968,74.990420
0.720000,2.184433,2.214625,0.466303,0.466115,0.165093,0.152392,79.187378,78.136552
0.780000,2.306014,2.340694,0.475221,0.476519,0.189933,0.177794,81.867818,80.880679
0.840000,2.420710,2.455132,0.484967,0.486202,0.213992,0.203241,84.160186,83.196502
0.900000,2.529617,2.558819,0.494452,0.495198,0.237449,0.228428,86.121135,85.275516
0.960000,2.626169,2.652690,0.502788,0.503545,0.262645,0.253124,87.800454,87.065841
1.020000,2.717250,2.737680,0.511497,0.511289,0.287596,0.277162,89.241158,88.630820
1.080000,2.788227,2.814685,0.518547,0.518473,0.311634,0.300425,90.479966,89.712989
1.140000,2.864060,2.884538,0.524764,0.525141,0.330483,0.322839,91.547978,91.075030
1.200000,2.933698,2.948002,0.530624,0.531336,0.349487,0.344360,92.471391,92.185622
1.260000,2.987285,3.005766,0.535854,0.537096,0.369520,0.364972,93.272208,92.925775
1.320000,3.040326,3.058445,0.541394,0.542457,0.389991,0.384675,93.968878,93.579713
1.380000,3.088681,3.106589,0.546844,0.547454,0.409417,0.403483,94.576869,94.147634
1.440000,3.138415,3.150682,0.551737,0.552117,0.425670,0.421420,95.109151,94.836133
1.500000,3.180743,3.191153,0.556797,0.556474,0.442548,0.438515,95.576619,95.283574
1.560000,3.208249,3.228382,0.559685,0.560551,0.459674,0.454803,95.988439,95.599045
1.620000,3.246155,3.262703,0.564100,0.564370,0.474288,0.470321,96.352336,95.950761
1.680000,3.276824,3.294411,0.566876,0.567954,0.487860,0.485105,96.674840,96.390498
1.740000,3.312608,3.323765,0.570830,0.571321,0.500564,0.499194,96.961483,96.753092
1.800000,3.338874,3.350996,0.573654,0.574488,0.513739,0.512624,97.216965,97.070810
1.860000,3.358093,3.376308,0.576350,0.577471,0.527432,0.525431,97.445291,97.186226
1.920000,3.388238,3.399881,0.579892,0.580284,0.538953,0.537651,97.649881,97.443464
1.980000,3.411282,3.421875,0.582727,0.582941,0.551013,0.549316,97.833667,97.641972
2.040000,3.429268,3.442433,0.585127,0.585453,0.562226,0.560458,97.999167,97.764814
2.100000,3.454525,3.461681,0.587588,0.587830,0.572021,0.571106,98.148552,98.028318
2.160000,3.472722,3.479734,0.589734,0.590083,0.582054,0.581290,98.283697,98.175397
2.220000,3.490209,3.496692,0.592249,0.592221,0.591646,0.591035,98.406227,98.269107
2.280000,3.509170,3.512647,0.594629,0.594251,0.600806,0.600366,98.517555,98.442295
2.340000,3.523862,3.527680,0.596358,0.596181,0.609823,0.609307,98.618910,98.567435
2.400000,3.538653,3.541865,0.598639,0.598017,0.618948,0.617880,98.711367,98.606053
2.460000,3.550939,3.555268,0.600257,0.599767,0.626721,0.626105,98.795866,98.714930
2.520000,3.560698,3.567949,0.601588,0.601435,0.634947,0.634001,98.873234,98.759985
2.580000,3.577549,3.579961,0.603629,0.603027,0.642049,0.641587,98.944196,98.902278
2.640000,3.588590,3.591355,0.604709,0.604548,0.648904,0.648878,99.009394,98.985285
2.700000,3.597160,3.602175,0.606365,0.606002,0.655822,0.655892,99.069394,98.971839
2.760000,3.608114,3.612460,0.607592,0.607393,0.662652,0.662642,99.124698,99.050047
2.820000,3.618771,3.622250,0.609069,0.608726,0.669579,0.669143,99.175751,99.121142
2.880000,3.629364,3.631576,0.610524,0.610003,0.675565,0.675407,99.222950,99.181280
2.940000,3.638228,3.640470,0.611955,0.611227,0.681692,0.681447,99.266648,99.206319
3.000000,3.646189,3.648961,0.613196,0.612403,0.687773,0.687273,99.307159,99.234776
3.060000,3.654286,3.657074,0.614180,0.613532,0.693108,0.692896,99.344768,99.294540
3.120000,3.663053,3.664832,0.615416,0.614618,0.698428,0.698327,99.379726,99.339333
3.180000,3.669818,3.672259,0.616317,0.615662,0.703570,0.703575,99.412262,99.380027
3.240000,3.675973,3.679375,0.617395,0.616667,0.708725,0.708648,99.442579,99.391591
3.300000,3.684106,3.686197,0.618433,0.617634,0.713446,0.713554,99.470862,99.428071
3.360000,3.690289,3.692743,0.619340,0.618567,0.717879,0.718303,99.497278,99.446515
3.420000,3.696667,3.699029,0.620109,0.619466,0.722457,0.722900,99.521977,99.493933
3.480000,3.702315,3.705071,0.621041,0.620334,0.727093,0.727353,99.545095,99.496740
3.540000,3.709716,3.710880,0.622181,0.621171,0.731279,0.731668,99.566755,99.525385
3.600000,3.713539,3.716471,0.622694,0.621980,0.735577,0.735852,99.587071,99.538581
3.660000,3.719883,3.721856,0.623452,0.622762,0.739741,0.739909,99.606144,99.569372
3.720000,3.723630,3.727044,0.623946,0.623518,0.743664,0.743846,99.624068,99.590417
3.780000,3.730925,3.732046,0.624967,0.624249,0.747186,0.747669,99.640926,99.618744
3.840000,3.734918,3.736873,0.625618,0.624957,0.750878,0.751380,99.656797,99.625204
3.900000,3.739897,3.741533,0.626407,0.625642,0.754545,0.754986,99.671751,99.629968
3.960000,3.744610,3.746033,0.626995,0.626306,0.758234,0.758491,99.685854,99.664149
4.020000,3.748358,3.750383,0.627558,0.626950,0.761936,0.761898,99.699164,99.673093
4.080000,3.752673,3.754589,0.628248,0.627574,0.765256,0.765212,99.711736,99.685236
4.140000,3.757587,3.758659,0.628990,0.628179,0.768435,0.768436,99.723621,99.690583
4.200000,3.760478,3.762598,0.629363,0.628767,0.771393,0.771574,99.734865,99.711692
4.260000,3.765644,3.766413,0.630192,0.629337,0.774457,0.774630,99.745509,99.730535
4.320000,3.769434,3.770109,0.630748,0.629891,0.777330,0.777605,99.755594,99.735658
4.380000,3.773816,3.773692,0.631417,0.630429,0.780366,0.780505,99.765155,99.752572
4.440000,3.777292,3.777167,0.631923,0.630952,0.783281,0.783330,99.774226,99.764153
4.500000,3.780104,3.780538,0.632377,0.631461,0.786243,0.786085,99.782838,99.759592
4.560000,3.782878,3.783811,0.632751,0.631956,0.788922,0.788771,99.791019,99.779885
4.620000,3.786297,3.786989,0.633276,0.632437,0.791399,0.791391,99.798795,99.780461
4.680000,3.789265,3.790076,0.633703,0.632906,0.794018,0.793948,99.806192,99.793991
4.740000,3.792548,3.793076,0.634346,0.633362,0.796602,0.796444,99.813232,99.791305
4.800000,3.795800,3.795993,0.634804,0.633807,0.798974,0.798880,99.819937,99.812307
4.860000,3.798138,3.798829,0.635220,0.634240,0.801397,0.801260,99.826325,99.804188
4.920000,3.801898,3.801589,0.635827,0.634662,0.803533,0.803584,99.832416,99.812153
4.980000,3.803075,3.804275,0.635974,0.635073,0.805861,0.805855,99.838226,99.821950
5.040000,3.807036,3.806891,0.636512,0.635475,0.808126,0.808074,99.843772,99.837861
5.100000,3.809434,3.809438,0.636915,0.635866,0.810354,0.810244,99.849068,99.834983
5.160000,3.812178,3.811919,0.637213,0.636248,0.812415,0.812366,99.854128,99.850193
5.220000,3.813904,3.814338,0.637532,0.636621,0.814548,0.814441,99.858964,99.846594
5.280000,3.816515,3.816696,0.637965,0.636985,0.816553,0.816471,99.863590,99.850427
5.340000,3.818205,3.818995,0.638286,0.637340,0.818567,0.818458,99.868017,99.855196
5.400000,3.821325,3.821238,0.638733,0.637688,0.820439,0.820402,99.872254,99.863497
5.460000,3.823238,3.823426,0.638945,0.638027,0.822308,0.822306,99.876313,99.868895
5.520000,3.825062,3.825562,0.639264,0.638358,0.824192,0.824170,99.880202,99.865099
5.580000,3.827487,3.827648,0.639667,0.638683,0.826061,0.825995,99.883930,99.872477
5.640000,3.828719,3.829685,0.639843,0.639000,0.827919,0.827783,99.887505,99.871779
5.700000,3.831214,3.831674,0.640233,0.639310,0.829642,0.829535,99.890935,99.881651
5.760000,3.834046,3.833618,0.640677,0.639613,0.831329,0.831252,99.894228,99.885927
5.820000,3.836202,3.835519,0.641029,0.639910,0.833073,0.832935,99.897389,99.890196
5.880000,3.838464,3.837376,0.641362,0.640200,0.834682,0.834585,99.900427,99.898243
5.940000,3.839040,3.839193,0.641504,0.640484,0.836377,0.836203,99.903345,99.892252
6.000000,3.841508,3.840969,0.641841,0.640763,0.837935,0.837789,99.906151,99.895596
